0.0168294
0.0168294
0.0168294
0.00215523
0.000697162
0.000476106
0.000597351
0.000705573
0.000586181
0.0329723
0.043594
0.000462119
0.00160024
0.00104986
0.000364067
0.000228587
0.000251109
0.000131048
0.000196044
0.000229304
0.000221724
8.77981e-05
0.000201842
0.000111919
0.000120349
0.000371012
8.61223e-05
0.00014253
0.000206489
0.000170987
0.000237795
0.000195201
0.000176221
0.00020766
0.00026537
0.000298196
0.000703538
0.000431552
0.00885314
0.00120109
0.0400251
0.000840682
0.000564251
0.000625285
0.000794335
0.000818506
0.0026338
0.0168294
0.0168294
0.0168294