1
0.0316815
1
0.00621346
0.0048239
0.00195048
0.00117852
0.000720937
0.000549948
0.000392393
0.000305177
0.000261793
0.000206586
0.000163359
0.000132902
0.000117466
0.00011021
0.000111387
0.000101992
0.000174922
9.4426e-05
8.09116e-05
7.40784e-05
7.80355e-05
7.44645e-05
8.12645e-05
7.8586e-05
7.48799e-05
7.99589e-05
8.32319e-05
0.000180561
0.000112523
9.8609e-05
3.72117e-06
0.00010171
0.000144776
0.000167314
0.000207689
0.000252672
0.000304831
0.00038665
0.000538972
0.000766344
0.00108774
0.00201954
0.00613512
0.00858135
0.114923
1
0.00123161