1
1
1
0.0240805
0.0326412
0.00618546
0.00155029
0.0010508
0.000649721
0.000419625
0.000311777
0.00025124
0.000211271
0.00017369
0.000130879
0.000109961
0.000117554
0.000112071
0.000114762
0.000342333
0.000113302
0.000108535
0.000106825
0.000106006
0.000103912
0.000120436
0.00010394
0.00010145
0.000101585
0.000124543
0.000345394
0.000121886
0.000113282
0.00010325
0.000118116
0.000137317
4.08436e-06
0.000231729
0.000258415
0.000316371
0.000419449
0.000613381
0.000857695
0.0015145
0.00493888
0.0337528
0.073062
1
1
1