1
1
1
0.0415131
0.348342
0.0126721
0.00390187
0.00179408
0.00100315
0.000493105
0.000361983
0.000297584
0.000243099
0.000182729
0.000153656
0.00011257
0.000114677
0.000129949
0.000149825
0.000405582
0.000128425
0.000127557
0.000139483
0.000142095
0.000146743
0.000141666
0.000152153
0.000135452
0.000140529
0.00013162
0.000398319
0.000160966
2.12685e-06
0.00011927
0.00012051
0.000148057
0.00019135
0.000249077
0.000307502
0.00037119
0.000492293
0.000941858
0.00173233
0.00315312
0.0123984
0.053563
0.415102
1
1
1