0.25009
1
1
0.0108608
0.0146313
0.00314179
0.00132187
0.000743896
0.000537659
0.00039176
0.000300286
0.000255634
0.000206703
0.000168934
0.000146342
0.000112403
0.000106013
9.80422e-05
0.000104746
0.000215076
9.01271e-05
9.22381e-05
8.33695e-05
9.65164e-05
8.51546e-05
8.17276e-05
9.27656e-05
1.78539e-06
9.95747e-05
0.000109033
0.000226882
9.86426e-05
9.62655e-05
0.000110888
0.000121359
0.000126265
0.000157459
0.000207268
0.00025346
0.000306067
0.000384501
0.000541255
0.000721365
0.0012712
0.00298053
0.0172274
0.0723595
1
1
1