0.0401356
0.0401356
0.0401356
0.055448
0.0659943
0.0110103
0.0758955
0.0931536
0.0203631
0.022066
0.00486924
0.00103327
0.000908192
0.0013012
0.000401715
0.000198386
0.000288849
0.000215415
0.000336576
0.000290209
0.00030691
9.13439e-05
0.000185715
0.000258785
8.89894e-05
9.70647e-05
0.000338624
0.000202524
0.000173965
0.000200817
0.000285171
0.000314864
0.000187704
0.000180351
0.0002234
0.000682861
0.00022415
0.000610991
0.00152174
0.00433658
0.00771162
0.0114529
0.0286434
0.0193082
0.0101175
0.0864463
0.024012
0.0401356
0.0401356
0.0401356