0.0401356
0.0401356
0.0401356
0.0830774
0.0181674
0.0109525
0.00459142
0.0549258
0.0170651
0.0961972
0.0133289
0.00570487
0.000747924
0.00106378
0.00124743
0.000882987
0.000234487
0.000467061
0.000764574
0.000568556
0.000367088
0.000125986
0.00107347
0.00100996
0.000257229
0.00038954
0.000996154
0.000155402
0.000162495
0.00118656
0.000261603
0.000720497
0.000422983
0.000218402
0.000470038
0.00106781
0.000313644
0.00140695
0.00219461
0.00394744
0.0280276
0.0706425
0.0619427
0.0929354
0.0816992
0.0923586
0.022715
0.0401356
0.0401356
0.0401356