0.0401356
0.0401356
0.0401356
0.0868671
0.015367
0.0182998
0.0736586
0.0984657
0.030688
0.0170337
0.0662864
0.000462141
0.00152086
0.00105402
0.000363949
0.000228554
0.000251027
8.39557e-05
0.0476879
0.000229527
8.56536e-05
0.000189512
0.000201894
0.000112269
0.000120362
0.000368205
8.54667e-05
0.000142515
0.000205871
0.0342937
0.000237816
0.0453313
8.82963e-05
0.000207591
0.000265447
0.000298143
0.000702954
0.00038283
0.000571734
0.00120199
0.0995925
0.0124015
0.0542113
0.0192567
0.0824919
0.0633777
0.0866285
0.0401356
0.0401356
0.0401356