0
0
0
0
0
0.0188679
0.0384615
0.430769
0.671429
0.710526
0.867647
0.932203
0.933333
0.953846
0.959184
0.920635
0.925373
0.943396
0.967213
0.984615
1
0.986842
0.946667
0.965517
0.925926
0.982759
0.95082
0.962963
0.964912
0.924242
0.946429
0.957447
0.956522
0.985714
0.941176
0.964286
0.941176
0.916667
0.951613
1
0.985507
1
0.982456
1
0.978261
0.982456
1
1
0.986301
0.984848
0.98
1
1
0.983333
1
0.984375
1
0.96875
1
0.983333
0.984848
0.966667
0.982456
1
1
0.966102
0.983051
0.963636
0.984127
0.971429
1
1
0.981132
0.986486
0.981818
0.958333
0.925926
0.943396
0.980769
0.966102
0.982456
0.983333
0.948276
0.96
0.951613
0.951613
0.929825
0.876923
0.948276
0.861538
0.772727
0.439394
0.311475
0.0754717
0
0.0178571
0
0
0
0