0
0
0
0
0
0
0.0784314
0.469136
0.862069
0.901961
0.956522
0.907407
0.915254
0.983051
0.956522
0.979167
0.984848
0.953846
0.983051
0.984127
0.98
1
1
0.984615
1
0.98
1
1
1
0.985714
1
1
0.981818
1
0.986842
1
1
0.983051
1
1
1
0.983051
1
1
1
1
1
1
1
0.981481
1
1
1
1
1
1
0.984375
1
1
0.983871
0.981481
0.967742
1
0.982759
0.967213
1
1
0.986486
1
1
0.984127
1
0.983607
0.981132
1
0.982759
0.979592
0.981818
0.983607
0.971014
1
1
0.984848
1
0.971014
0.981481
0.933333
0.972973
0.935484
0.934426
0.94
0.773585
0.541667
0.0882353
0.0178571
0
0
0
0
0