0
0
0
0
0
0.0222222
0.122807
0.555556
0.627119
0.921875
0.932203
0.9375
0.924242
0.96
0.981818
0.962963
0.952381
0.970149
0.972603
0.929577
0.987342
1
0.968254
0.980392
0.982143
1
1
0.985075
0.960784
1
1
0.986111
0.981481
0.983051
1
1
0.984615
1
1
1
0.979592
1
1
1
1
1
1
0.982456
1
0.984615
1
1
1
1
1
1
1
0.963636
1
1
1
0.968254
1
0.985294
1
1
1
0.970149
1
1
1
0.951613
0.983051
0.972222
1
0.972973
0.982456
0.921053
0.984375
0.967742
0.952381
0.957143
0.982456
0.962963
0.978261
0.968254
0.952381
0.943396
0.964286
0.901961
0.833333
0.793103
0.59322
0.0625
0
0
0
0
0
0