0
0
0
0
0
0.0149254
0.0833333
0.522388
0.793103
0.918033
0.962264
0.967742
0.892857
0.951613
0.985507
0.981481
0.941176
0.962264
0.970588
1
0.986667
1
0.983871
0.983051
0.985294
1
0.981818
1
0.981132
0.981481
0.966667
1
0.986667
1
1
1
1
1
0.965517
0.985075
1
1
0.968254
1
0.979592
0.983333
1
1
0.980392
1
1
1
1
1
1
1
1
1
1
0.98
1
0.964912
1
1
1
0.980769
0.984375
0.957447
1
0.953125
1
0.951613
0.980392
0.983871
1
0.983607
1
0.966102
0.980769
0.953125
0.980392
0.981818
0.96
0.933333
0.969231
0.964286
0.932203
0.960784
0.951613
0.925373
0.878378
0.785714
0.612903
0.0819672
0
0
0
0
0
0