0
0
0
0
0
0.0186891
0.0266683
0.06142
0.0561391
0.0520221
0.0410945
0.032729
0.0322031
0.0260247
0.0282664
0.0340556
0.0321047
0.0317418
0.0228006
0.0152658
0
0.013071
0.0259458
0.0239589
0.0356389
0.0170921
0.0276873
0.0256996
0.0243716
0.0325712
0.0300896
0.0294425
0.0245504
0.0141833
0.0285336
0.0247988
0.0329478
0.0325723
0.027252
0
0.0143874
0
0.0173893
0
0.0215015
0.0173893
0
0
0.0136045
0.0150363
0.019799
0
0
0.0165272
0
0.0155024
0
0.0217491
0
0.0165272
0.0150363
0.0231741
0.0173893
0
0
0.02356
0.0168049
0.0252411
0.0157465
0.0199123
0
0
0.0186891
0.0134219
0.0180158
0.0288424
0.0356389
0.0317418
0.019045
0.02356
0.0173893
0.0165272
0.0290804
0.0277128
0.027252
0.027252
0.0338342
0.0407486
0.0290804
0.0428396
0.051584
0.0610919
0.0592934
0.0362839
0
0.017697
0
0
0
0