0
0
0
0
0
0
0.0376464
0.0554496
0.0452781
0.0416398
0.0245504
0.039445
0.036258
0.0168049
0.0245504
0.0206152
0.0150363
0.0260247
0.0168049
0.0157465
0.019799
0
0
0.0152658
0
0.019799
0
0
0
0.0141833
0
0
0.0180158
0
0.013071
0
0
0.0168049
0
0
0
0.0168049
0
0
0
0
0
0
0
0.0183462
0
0
0
0
0
0
0.0155024
0
0
0.0159984
0.0183462
0.022439
0
0.0170921
0.0228006
0
0
0.0134219
0
0
0.0157465
0
0.0162585
0.0186891
0
0.0170921
0.0201988
0.0180158
0.0162585
0.0201966
0
0
0.0150363
0
0.0201966
0.0183462
0.0322031
0.018851
0.0312001
0.0316937
0.0335857
0.0574869
0.0719178
0.034396
0.017697
0
0
0
0
0