0
0
0
0
0
0.0219739
0.0434732
0.062604
0.0629556
0.033546
0.032729
0.0302577
0.0325712
0.0277128
0.0180158
0.0256996
0.0232357
0.0207902
0.0191056
0.0303647
0.0125779
0
0.0220886
0.0194147
0.017697
0
0
0.0148136
0.0271805
0
0
0.0137921
0.0183462
0.0168049
0
0
0.0152658
0
0
0
0.0201988
0
0
0
0
0
0
0.0173893
0
0.0152658
0
0
0
0
0
0
0
0.0252411
0
0
0
0.0220886
0
0.0145974
0
0
0
0.0207902
0
0
0
0.027252
0.0168049
0.0193671
0
0.018851
0.0173893
0.0309317
0.0155024
0.022439
0.0268303
0.0242076
0.0173893
0.0256996
0.0215015
0.0220886
0.0268303
0.0317418
0.0247988
0.0416398
0.0507151
0.0531897
0.0639531
0.0302577
0
0
0
0
0
0