0
0
0
0
0
0.0148136
0.0356812
0.0610235
0.0531897
0.0351224
0.026175
0.022439
0.0413313
0.027252
0.0143874
0.0183462
0.0285336
0.026175
0.0204891
0
0.0132441
0
0.0159984
0.0168049
0.0145974
0
0.0180158
0
0.0186891
0.0183462
0.0231741
0
0.0132441
0
0
0
0
0
0.0239589
0.0148136
0
0
0.0220886
0
0.0201988
0.0165272
0
0
0.0194147
0
0
0
0
0
0
0
0
0
0
0.019799
0
0.0243716
0
0
0
0.019045
0.0155024
0.0294425
0
0.0264214
0
0.027252
0.0194147
0.0159984
0
0.0162585
0
0.02356
0.019045
0.0264214
0.0194147
0.0180158
0.0277128
0.0371849
0.0214198
0.0247988
0.032729
0.0271805
0.027252
0.0321047
0.0379953
0.0447702
0.06186
0.0351224
0
0
0
0
0
0