0.0111316
0.0111316
0.0111316
0.00125101
0.00213907
0.000217094
0.000115781
0.000174476
0.000155234
0.000188092
0.000810011
0.00527365
0.0010808
0.00106318
0.00125874
0.000145164
0.000233683
0.000464791
0.000156287
0.000301939
0.000368223
0.000553758
0.00107446
0.00101973
0.000257231
0.000390554
0.000868052
0.000164027
0.000172802
0.00109041
0.00028575
0.000726737
0.000420437
0.00021817
0.000475017
0.00107801
0.00110535
0.00137166
0.0347565
0.00412742
0.000189619
0.000120701
0.000114573
0.000206966
0.000286085
0.000628692
0.00295037
0.0111316
0.0111316
0.0111316