0.0111316
0.0111316
0.0111316
0.000740338
0.00024217
0.000159091
0.00015919
0.000150113
0.000123438
0.000812758
0.00526918
0.000462029
0.00145844
0.00103276
0.000363301
0.000228575
0.00025145
0.000131122
0.000196054
0.000170953
0.000221881
0.000189784
0.000201925
7.21962e-05
7.55187e-05
0.000368053
0.000139117
0.000142614
0.000206285
0.000170956
0.00023762
0.000195131
0.000176261
0.0002076
0.000265471
0.000298015
0.000703404
0.000481335
0.00670391
0.00119847
0.0217675
0.00014417
0.000135784
0.00016195
0.000216561
0.000271418
0.000788076
0.0111316
0.0111316
0.0111316