0.0218621
0.0218621
0.0218621
0.00563706
0.00165148
0.00122435
0.00220532
0.00647117
0.00589801
0.0409498
0.0591843
0.00242037
0.000411455
0.00104905
0.000364261
0.000228605
8.56769e-05
8.65932e-05
0.0476879
0.000229527
8.56536e-05
0.000189512
0.000201894
0.000112269
0.000120362
0.000368205
8.54667e-05
0.000142515
0.000205871
0.0342937
0.000237816
0.0453313
8.36215e-05
0.0422131
0.00026547
0.000302371
0.000703214
0.000409888
0.00702356
0.00120185
0.0592929
0.0513102
0.00280671
0.00247719
0.00276781
0.00205221
0.0074147
0.0218621
0.0218621
0.0218621